Don't_Stop_Believin'	[20160601,20160604]	[100,200]	300	100
Don't_Stop_Now_(Bonnie_Davis_song)	[20160601,20160604,20160605]	[1,1000000000,1000000000]	2000000001	1999999999
Don't_Stop_the_Party_(Pitbull_song)	[20160601,20160604,20160605]	[3,3,3]	9	3
Don't_Stop_the_Party_(The_Black_Eyed_Peas_song)	[20160601,20160604,20160605]	[3,3,3]	9	3
Don't_Suppose	[20160601,20160604,20160605]	[2,2,2574]	2578	2574
Don't_Swallow_the_Cap	[20160601,20160604,20160605]	[1,1,1]	3	1
Don't_Sweat_That_(Whistle_Song)	[20160601,20160604,20160605]	[1,1,1]	3	1
Don't_Sweat_the_Technique	[20160601,20160604,20160605]	[2,2,2]	6	2
Don't_Take_It_Away	[20160601,20160604,20160605]	[1,1,1456]	1458	1456
Don't_Take_It_Personal_(Jermaine_Jackson_album)	[20160601,20160604,20160605]	[1,1,1]	3	1
Don't_Take_It_Personal_(Just_One_of_Dem_Days)	[20160601,20160604,20160605]	[1,1,1]	3	1
Don't_Take_My_Boop-Oop-A-Doop_Away	[20160601,20160604,20160605]	[1,1,1345]	1347	1345
Don't_Take_the_Girl	[20160601,20160604,20160605]	[1,1,1]	3	1
Don't_Talk,_Just_Listen	[20160601,20160604,20160605]	[3,3,3]	9	3
Don't_Talk_Just_Kiss	[20160601,20160604,20160605]	[1,1,165]	167	165
Don't_Talk_to_Strangers	[20160601,20160604,20160605]	[1,1,125]	127	125
Don't_Talk_to_Strangers_(Rick_Springfield_song)	[20160601,20160604,20160605]	[1,1,1]	3	1
Don't_Talk_to_Strangers_(film)	[20160601,20160604,20160605]	[1,1,1]	3	1
Don't_Tell_'Em	[20160601,20160604,20160605]	[2,2,2255]	2259	2255
Don't_Tell_Everything	[20160601,20160604,20160605]	[1,1,1]	3	1
Don't_Tell_Me_(Avril_Lavigne_song)	[20160601,20160604,20160605]	[2,2,2]	6	2
Don't_Tell_Me_(Madonna_song)	[20160601,20160601,20160604,20160604,20160605,20160605]	[1,1,1,4,4,45]	56	46
Don't_Tell_Me_No	[20160601,20160604,20160605]	[1,1,1]	3	1
Don't_Tell_Me_You're_Sorry	[20160601,20160604,20160605]	[1,1,1]	3	1
Don't_Tell_Me_You_Do	[20160601,20160604,20160605]	[1,1,1]	3	1
